500 0.00528448
500 0.00525072
550 0.00239714
550 0.00233727
650 0.00101625
650 0.00100348
700 0.000647499
700 0.000677723
750 0.00173291
750 0.00175623
800 0.00121507
800 0.00123478
850 0.000587174
850 0.000597765
900 0.00125219
900 0.00125612
950 0.00100122
950 0.000994416
1000 0.000639512
1000 0.000625917
1050 0.000675654
1050 0.00068344
1100 0.000975457
1100 0.000972749
1150 0.000964552
1150 0.000977129
1200 0.000552255
1200 0.000553807
1250 0.000606598
1250 0.000578495
1300 0.00048053
1300 0.00048239
1350 0.000311522
1350 0.000302944
1400 0.000285591
1400 0.000291892
1500 0.000420614
1500 0.000417853
1750 0.000416747
1750 0.000411795
2000 0.000256782
2000 0.000256129
2250 0.000245851
2250 0.000243872
2500 0.000236746
2500 0.000238802
2750 0.000244855
2750 0.000236815
3000 0.00023596
3000 0.000237205
3250 0.000233811
3250 0.000236733
3500 0.000238897
3500 0.000227254
