0.00528448
0.00525072
0.00239714
0.00233727
0.00101625
0.00100348
0.000647499
0.000677723
0.00173291
0.00175623
0.00121507
0.00123478
0.000587174
0.000597765
0.00125219
0.00125612
0.00100122
0.000994416
0.000639512
0.000625917
0.000675654
0.00068344
0.000975457
0.000972749
0.000964552
0.000977129
0.000552255
0.000553807
0.000606598
0.000578495
0.00048053
0.00048239
0.000311522
0.000302944
0.000285591
0.000291892
0.000420614
0.000417853
0.000416747
0.000411795
0.000256782
0.000256129
0.000245851
0.000243872
0.000236746
0.000238802
0.000244855
0.000236815
0.00023596
0.000237205
0.000233811
0.000236733
0.000238897
0.000227254
