500 0.00531708
500 0.00522149
550 0.00241312
550 0.00243814
600 0.00212879
600 0.00220783
650 0.000945626
650 0.000923242
700 0.000649545
700 0.000657234
750 0.0016666
750 0.00172133
800 0.00121344
800 0.00119463
850 0.00057884
850 0.000565202
900 0.00121496
900 0.00118114
950 0.000902818
950 0.000898786
1000 0.000586158
1000 0.000582117
1050 0.000628132
1050 0.000614008
1100 0.000908192
1100 0.00089309
1150 0.000897635
1150 0.000905281
1200 0.000488902
1200 0.000495478
1250 0.000548233
1250 0.000552644
1300 0.000487735
1300 0.000463161
1350 0.000293207
1350 0.000283988
1400 0.000273566
1400 0.000293352
1500 0.000418866
1500 0.000414775
1750 0.000386827
1750 0.00040223
2000 0.000246294
2000 0.000247632
2500 0.000236841
2500 0.000244839
2750 0.000241837
2750 0.000234467
3000 0.000247385
3000 0.000230745
3250 0.000232421
3250 0.000235184
3500 0.000245389
3500 0.000246678
