500 0.0050313
500 0.00507053
510 0.00360288
510 0.00350135
520 0.00276333
520 0.00276856
530 0.00253375
530 0.00251818
540 0.00214704
540 0.00225183
550 0.00291067
550 0.00279751
560 0.00352063
560 0.00353268
570 0.00351284
570 0.00359647
580 0.00263561
580 0.00262853
590 0.00239732
590 0.00245199
600 0.00286967
600 0.00289503
610 0.00255899
610 0.00249502
620 0.00237353
620 0.0023546
630 0.00243404
630 0.00243111
640 0.00186864
640 0.00192988
650 0.00117692
650 0.00110831
660 0.000881045
660 0.000862327
670 0.000850873
670 0.000817161
680 0.000775643
680 0.000805211
700 0.000755718
700 0.000760863
710 0.000920235
710 0.000898374
720 0.00119801
720 0.00121181
730 0.00172333
730 0.00164292
740 0.00203647
740 0.00203215
750 0.00185548
750 0.00187406
760 0.00141865
760 0.0014531
770 0.00106602
770 0.00105825
780 0.000980312
780 0.0010026
790 0.00112987
790 0.00117993
800 0.00134889
800 0.00134224
810 0.0013803
810 0.00137771
820 0.00122113
820 0.00126461
830 0.000990702
830 0.000994347
840 0.00082994
840 0.000838364
850 0.000758802
850 0.000750632
860 0.000806926
860 0.000783048
870 0.000926868
870 0.000961406
880 0.00113213
880 0.0011668
890 0.00135613
890 0.00134485
900 0.00143719
900 0.00141916
910 0.00145585
910 0.00143423
920 0.00134811
920 0.00132701
930 0.00128044
930 0.00126024
940 0.00121847
940 0.00124611
950 0.00119272
950 0.00113647
960 0.00119021
960 0.00109018
970 0.00106853
970 0.0010545
980 0.000925566
980 0.000936459
990 0.000853994
990 0.000826288
1000 0.000829332
1000 0.000844192
1010 0.000895909
1010 0.000933117
1020 0.000956147
1020 0.000968661
1030 0.000966025
1030 0.000983959
1040 0.000948983
1040 0.000915662
1050 0.00092034
1050 0.000934726
1060 0.000960375
1060 0.000964825
1070 0.0010624
1070 0.00107233
1080 0.00111468
1080 0.00112102
1090 0.00113657
1090 0.00113379
1100 0.00116286
1100 0.00116165
1110 0.00115128
1110 0.00114184
1120 0.00115288
1120 0.00114378
1130 0.00112907
1130 0.00109584
1140 0.00113868
1140 0.00108082
1150 0.00110059
1150 0.00110284
1160 0.00108599
1160 0.00108699
1170 0.00103221
1170 0.00100194
1180 0.000870925
1180 0.00087215
1190 0.000775093
1190 0.000736508
1200 0.000701947
1200 0.000668476
1250 0.000651347
1250 0.00064499
1300 0.000549247
1300 0.000528284
1350 0.00035296
1350 0.000351521
1400 0.000321679
1400 0.000317559
1450 0.000344754
1450 0.000345848
1500 0.000434537
1500 0.00042969
1550 0.000465355
1550 0.000479393
1600 0.000479024
1600 0.000457538
1650 0.000439813
1650 0.000449902
1750 0.000446846
1750 0.000416219
2000 0.00026463
2000 0.000262339
2250 0.000249177
2250 0.000249918
2500 0.000236277
2500 0.000242821
2750 0.000226848
2750 0.000244091
3000 0.000236383
3000 0.000230642
3250 0.000231322
3250 0.000244914
3500 0.000234855
3500 0.000227321
