0.0050313
0.00507053
0.00360288
0.00350135
0.00276333
0.00276856
0.00253375
0.00251818
0.00214704
0.00225183
0.00291067
0.00279751
0.00352063
0.00353268
0.00351284
0.00359647
0.00263561
0.00262853
0.00239732
0.00245199
0.00286967
0.00289503
0.00255899
0.00249502
0.00237353
0.0023546
0.00243404
0.00243111
0.00186864
0.00192988
0.00117692
0.00110831
0.000881045
0.000862327
0.000850873
0.000817161
0.000775643
0.000805211
0.000755718
0.000760863
0.000920235
0.000898374
0.00119801
0.00121181
0.00172333
0.00164292
0.00203647
0.00203215
0.00185548
0.00187406
0.00141865
0.0014531
0.00106602
0.00105825
0.000980312
0.0010026
0.00112987
0.00117993
0.00134889
0.00134224
0.0013803
0.00137771
0.00122113
0.00126461
0.000990702
0.000994347
0.00082994
0.000838364
0.000758802
0.000750632
0.000806926
0.000783048
0.000926868
0.000961406
0.00113213
0.0011668
0.00135613
0.00134485
0.00143719
0.00141916
0.00145585
0.00143423
0.00134811
0.00132701
0.00128044
0.00126024
0.00121847
0.00124611
0.00119272
0.00113647
0.00119021
0.00109018
0.00106853
0.0010545
0.000925566
0.000936459
0.000853994
0.000826288
0.000829332
0.000844192
0.000895909
0.000933117
0.000956147
0.000968661
0.000966025
0.000983959
0.000948983
0.000915662
0.00092034
0.000934726
0.000960375
0.000964825
0.0010624
0.00107233
0.00111468
0.00112102
0.00113657
0.00113379
0.00116286
0.00116165
0.00115128
0.00114184
0.00115288
0.00114378
0.00112907
0.00109584
0.00113868
0.00108082
0.00110059
0.00110284
0.00108599
0.00108699
0.00103221
0.00100194
0.000870925
0.00087215
0.000775093
0.000736508
0.000701947
0.000668476
0.000651347
0.00064499
0.000549247
0.000528284
0.00035296
0.000351521
0.000321679
0.000317559
0.000344754
0.000345848
0.000434537
0.00042969
0.000465355
0.000479393
0.000479024
0.000457538
0.000439813
0.000449902
0.000446846
0.000416219
0.00026463
0.000262339
0.000249177
0.000249918
0.000236277
0.000242821
0.000226848
0.000244091
0.000236383
0.000230642
0.000231322
0.000244914
0.000234855
0.000227321
