600 0.00490105
600 0.00468364
650 0.00182839
650 0.00184237
700 0.00109061
700 0.00113205
750 0.002692
750 0.00266449
800 0.00202934
800 0.00206706
850 0.00124527
850 0.00125595
900 0.00207205
900 0.00202388
950 0.00115154
950 0.00112913
1000 0.00101033
1000 0.00103392
1050 0.00120694
1050 0.00124054
1100 0.00149031
1100 0.00150173
1150 0.00125729
1150 0.00124614
1200 0.000966745
1200 0.000968153
1250 0.00078061
1250 0.000775953
1300 0.000742608
1300 0.000738096
1350 0.000505017
1350 0.000503539
1400 0.000452129
1400 0.000438859
1500 0.000407192
1500 0.000416674
1750 0.000567091
1750 0.0005906
2000 0.000376681
2000 0.00036096
2250 0.000329081
2250 0.000352941
2500 0.000326691
2500 0.000332294
2750 0.000320471
2750 0.000320349
3000 0.000323056
3000 0.000314576
3250 0.000312028
3250 0.000321965
3500 0.000310355
3500 0.000307605
