0.00490105
0.00468364
0.00182839
0.00184237
0.00109061
0.00113205
0.002692
0.00266449
0.00202934
0.00206706
0.00124527
0.00125595
0.00207205
0.00202388
0.00115154
0.00112913
0.00101033
0.00103392
0.00120694
0.00124054
0.00149031
0.00150173
0.00125729
0.00124614
0.000966745
0.000968153
0.00078061
0.000775953
0.000742608
0.000738096
0.000505017
0.000503539
0.000452129
0.000438859
0.000407192
0.000416674
0.000567091
0.0005906
0.000376681
0.00036096
0.000329081
0.000352941
0.000326691
0.000332294
0.000320471
0.000320349
0.000323056
0.000314576
0.000312028
0.000321965
0.000310355
0.000307605
