  800.0   0.001213
  500.0   0.005317
  600.0   0.002129
 1300.0   0.000488
 1200.0   0.000489
  850.0   0.000579
  650.0   0.000946
  750.0   0.001667
 3000.0   0.000247
 1050.0   0.000628
 1400.0   0.000274
  700.0   0.000650
  900.0   0.001215
  800.0   0.001195
 2750.0   0.000242
 2000.0   0.000246
 1150.0   0.000898
 3500.0   0.000245
  950.0   0.000903
 1500.0   0.000419
 1250.0   0.000548
 1750.0   0.000387
  500.0   0.005221
 3250.0   0.000232
  600.0   0.002208
  850.0   0.000565
  750.0   0.001721
 1300.0   0.000463
 1100.0   0.000908
 1200.0   0.000495
  650.0   0.000923
  550.0   0.002413
 3000.0   0.000231
 1400.0   0.000293
  700.0   0.000657
  900.0   0.001181
 1000.0   0.000586
 2750.0   0.000234
 2000.0   0.000248
 1150.0   0.000905
 3500.0   0.000247
  950.0   0.000899
 1050.0   0.000614
 1500.0   0.000415
 1750.0   0.000402
 1250.0   0.000553
 1100.0   0.000893
 3250.0   0.000235
 1350.0   0.000293
  550.0   0.002438
 1000.0   0.000582
 1350.0   0.000284
 2500.0   0.000237
 2500.0   0.000245
  500.0   0.005346
  500.0   0.005145
  600.0   0.002235
 3500.0   0.000223
 3000.0   0.000244
 2250.0   0.000249
 2000.0   0.000251
 3250.0   0.000232
  600.0   0.002177
 3500.0   0.000236
 3000.0   0.000230
 2000.0   0.000243
 2250.0   0.000243
 3250.0   0.000236
