  650.0   0.001016
  550.0   0.002397
  700.0   0.000647
  750.0   0.001733
 1250.0   0.000607
 1100.0   0.000975
  850.0   0.000587
 1150.0   0.000965
 2750.0   0.000245
 1000.0   0.000640
  900.0   0.001252
  800.0   0.001215
 1500.0   0.000421
 2500.0   0.000237
 3500.0   0.000239
 1300.0   0.000481
 1350.0   0.000312
  500.0   0.005284
 1400.0   0.000286
 1200.0   0.000552
  950.0   0.001001
 1750.0   0.000417
 2250.0   0.000246
 3250.0   0.000234
 1050.0   0.000676
 3000.0   0.000236
 2000.0   0.000257
  700.0   0.000678
  650.0   0.001003
  550.0   0.002337
  850.0   0.000598
 1250.0   0.000578
  750.0   0.001756
 1100.0   0.000973
 1150.0   0.000977
 1000.0   0.000626
 2750.0   0.000237
 1500.0   0.000418
 2500.0   0.000239
  800.0   0.001235
  900.0   0.001256
  500.0   0.005251
 1350.0   0.000303
 1300.0   0.000482
 3500.0   0.000227
 1400.0   0.000292
 1200.0   0.000554
  950.0   0.000994
 1750.0   0.000412
 3000.0   0.000237
 1050.0   0.000683
 2250.0   0.000244
 3250.0   0.000237
 2000.0   0.000256
  600.0   0.002350
  600.0   0.002308
