  600.0   0.003027
  700.0   0.000781
  550.0   0.003040
  650.0   0.001200
 1200.0   0.000677
  950.0   0.001158
  800.0   0.001317
  750.0   0.001858
 1000.0   0.000840
  500.0   0.005077
  900.0   0.001456
 1250.0   0.000657
 1350.0   0.000347
  700.0   0.000769
 1750.0   0.000441
  850.0   0.000736
 1050.0   0.000930
 1300.0   0.000564
 3500.0   0.000237
 1150.0   0.001130
 2250.0   0.000252
 2500.0   0.000241
 1500.0   0.000455
 3250.0   0.000222
 1200.0   0.000704
 2750.0   0.000240
 1100.0   0.001148
 1400.0   0.000333
 2000.0   0.000274
  600.0   0.003007
  950.0   0.001156
  550.0   0.002888
 3000.0   0.000234
  650.0   0.001164
  800.0   0.001282
  750.0   0.001915
 1750.0   0.000429
 1350.0   0.000341
 1000.0   0.000838
  900.0   0.001428
 1050.0   0.000953
 1250.0   0.000662
 3500.0   0.000234
 1150.0   0.001124
 1500.0   0.000438
 3250.0   0.000232
 2500.0   0.000247
 2250.0   0.000265
 1300.0   0.000536
 1400.0   0.000326
 1100.0   0.001174
  850.0   0.000745
 2750.0   0.000233
 3000.0   0.000236
  500.0   0.005132
 2000.0   0.000265
