500 0.00512091
500 0.00517965
510 0.00293522
510 0.0030219
520 0.00246094
520 0.00239729
530 0.00188239
530 0.00188119
540 0.00157047
540 0.00154442
550 0.00238717
550 0.00244869
560 0.00310135
560 0.0030296
570 0.00291943
570 0.00298057
580 0.00177609
580 0.0016773
590 0.00178228
590 0.00175472
600 0.00217903
600 0.00219153
610 0.00175985
610 0.00178574
620 0.00152663
620 0.00160858
630 0.00206984
630 0.00208066
640 0.00175776
640 0.00169625
650 0.000920241
650 0.000939715
660 0.000721757
660 0.000707189
670 0.000743366
670 0.000748553
680 0.00070394
680 0.000717153
700 0.00063769
700 0.000644307
710 0.000746699
710 0.000755068
720 0.00102694
720 0.0010089
730 0.00148609
730 0.00147178
740 0.00184412
740 0.00183488
750 0.0016423
750 0.00168175
760 0.00118874
760 0.00118829
770 0.000736973
770 0.000765485
780 0.000685597
780 0.000727337
790 0.000927975
790 0.000894669
800 0.00119359
800 0.00122691
810 0.00125859
810 0.00122897
820 0.0010505
820 0.00104355
830 0.000814907
830 0.000834578
840 0.000675967
840 0.000654596
850 0.000559307
850 0.000586678
860 0.00059288
860 0.000581192
870 0.000720682
870 0.000722343
880 0.000965575
880 0.00095502
890 0.00111568
890 0.00112776
900 0.00118222
900 0.00117175
910 0.00116497
910 0.00116396
920 0.00110212
920 0.00107041
930 0.000933226
930 0.000946928
940 0.000867986
940 0.000850335
950 0.000876884
950 0.000895411
960 0.000949928
960 0.000932229
970 0.000873879
970 0.000879198
980 0.000685366
980 0.000704461
990 0.000574105
990 0.000578633
1000 0.000574102
1000 0.000556322
1010 0.000689064
1010 0.000671954
1020 0.000808318
1020 0.000810094
1030 0.000841253
1030 0.0008432
1040 0.00069779
1040 0.000739406
1050 0.000607472
1050 0.000605523
1060 0.000580302
1060 0.000594815
1070 0.000796554
1070 0.000760979
1080 0.000917917
1080 0.000878181
1090 0.000962873
1090 0.000928491
1100 0.000901415
1100 0.00088335
1110 0.000777421
1110 0.000796554
1120 0.00075432
1120 0.000756742
1130 0.000772466
1130 0.000777512
1140 0.000825109
1140 0.000829356
1150 0.000902749
1150 0.0009116
1160 0.000934966
1160 0.00094054
1170 0.000820491
1170 0.000818667
1180 0.000656176
1180 0.000671654
1190 0.00055869
1190 0.000584816
1200 0.000477567
1200 0.00049283
1250 0.000541698
1250 0.00056598
1300 0.000451776
1300 0.000449131
1350 0.000290094
1350 0.00028599
1400 0.000285154
1400 0.000284242
1450 0.000285487
1450 0.000283774
1500 0.000407126
1500 0.000403614
1550 0.000372105
1550 0.000347826
1600 0.000410015
1600 0.000405471
1650 0.000372227
1650 0.000374328
1750 0.000402496
1750 0.000403953
2000 0.000251124
2000 0.000246785
2250 0.000249955
2250 0.000234525
2500 0.000236426
2500 0.000237515
2750 0.000243115
2750 0.000235062
3000 0.000233585
3000 0.00023582
3250 0.000237815
3250 0.000231291
3500 0.00022794
3500 0.00022958
