0.00512091
0.00517965
0.00293522
0.0030219
0.00246094
0.00239729
0.00188239
0.00188119
0.00157047
0.00154442
0.00238717
0.00244869
0.00310135
0.0030296
0.00291943
0.00298057
0.00177609
0.0016773
0.00178228
0.00175472
0.00217903
0.00219153
0.00175985
0.00178574
0.00152663
0.00160858
0.00206984
0.00208066
0.00175776
0.00169625
0.000920241
0.000939715
0.000721757
0.000707189
0.000743366
0.000748553
0.00070394
0.000717153
0.00063769
0.000644307
0.000746699
0.000755068
0.00102694
0.0010089
0.00148609
0.00147178
0.00184412
0.00183488
0.0016423
0.00168175
0.00118874
0.00118829
0.000736973
0.000765485
0.000685597
0.000727337
0.000927975
0.000894669
0.00119359
0.00122691
0.00125859
0.00122897
0.0010505
0.00104355
0.000814907
0.000834578
0.000675967
0.000654596
0.000559307
0.000586678
0.00059288
0.000581192
0.000720682
0.000722343
0.000965575
0.00095502
0.00111568
0.00112776
0.00118222
0.00117175
0.00116497
0.00116396
0.00110212
0.00107041
0.000933226
0.000946928
0.000867986
0.000850335
0.000876884
0.000895411
0.000949928
0.000932229
0.000873879
0.000879198
0.000685366
0.000704461
0.000574105
0.000578633
0.000574102
0.000556322
0.000689064
0.000671954
0.000808318
0.000810094
0.000841253
0.0008432
0.00069779
0.000739406
0.000607472
0.000605523
0.000580302
0.000594815
0.000796554
0.000760979
0.000917917
0.000878181
0.000962873
0.000928491
0.000901415
0.00088335
0.000777421
0.000796554
0.00075432
0.000756742
0.000772466
0.000777512
0.000825109
0.000829356
0.000902749
0.0009116
0.000934966
0.00094054
0.000820491
0.000818667
0.000656176
0.000671654
0.00055869
0.000584816
0.000477567
0.00049283
0.000541698
0.00056598
0.000451776
0.000449131
0.000290094
0.00028599
0.000285154
0.000284242
0.000285487
0.000283774
0.000407126
0.000403614
0.000372105
0.000347826
0.000410015
0.000405471
0.000372227
0.000374328
0.000402496
0.000403953
0.000251124
0.000246785
0.000249955
0.000234525
0.000236426
0.000237515
0.000243115
0.000235062
0.000233585
0.00023582
0.000237815
0.000231291
0.00022794
0.00022958
