500 0.0043057
500 0.00434227
510 0.0037885
510 0.00374964
520 0.00266727
520 0.00275366
530 0.00228308
530 0.00236436
540 0.00213435
540 0.00217671
550 0.00270216
550 0.00276569
560 0.00320452
560 0.00321617
570 0.00319755
570 0.00314376
580 0.00265652
580 0.00265486
590 0.00236172
590 0.00234684
600 0.00244446
600 0.00238296
610 0.00219185
610 0.00223904
620 0.00211112
620 0.00208647
630 0.00209788
630 0.00211369
640 0.00192108
640 0.00189046
650 0.00138335
650 0.00138995
660 0.000876479
660 0.000929047
670 0.000790778
670 0.00080302
680 0.000773622
680 0.000762077
700 0.000796107
700 0.000777637
710 0.00104481
710 0.00101672
720 0.00148953
720 0.00143673
730 0.0017743
730 0.00174976
740 0.00188067
740 0.00181847
750 0.00185282
750 0.00184359
760 0.00160748
760 0.00160386
770 0.00124426
770 0.00127157
780 0.00107018
780 0.00105541
790 0.00121201
790 0.00122923
800 0.00132462
800 0.00131716
810 0.00128708
810 0.00133941
820 0.00127194
820 0.00122341
830 0.00112048
830 0.00108293
840 0.000898098
840 0.000934353
850 0.000827598
850 0.000842101
860 0.000919359
860 0.000878434
870 0.0011142
870 0.00109756
880 0.00130326
880 0.00128423
890 0.00137924
890 0.00140212
900 0.00147106
900 0.00151557
910 0.00141125
910 0.00144446
920 0.00140909
920 0.00139624
930 0.00131099
930 0.00130281
940 0.00129775
940 0.00127041
950 0.00121634
950 0.00123123
960 0.00117018
960 0.00114216
970 0.00106264
970 0.00108706
980 0.00100856
980 0.00102296
990 0.000922092
990 0.000932329
1000 0.000899229
1000 0.000940684
1010 0.000961011
1010 0.000961348
1020 0.00101413
1020 0.000985982
1030 0.00100631
1030 0.00102162
1040 0.00103901
1040 0.00102517
1050 0.000981021
1050 0.00103102
1060 0.00109523
1060 0.00107976
1070 0.00113641
1070 0.00116659
1080 0.00122519
1080 0.00117236
1090 0.00118481
1090 0.00120267
1100 0.00121925
1100 0.00120669
1110 0.00121971
1110 0.0012045
1120 0.00119233
1120 0.00122619
1130 0.00117245
1130 0.00117136
1140 0.0011405
1140 0.00117235
1150 0.00116992
1150 0.00115336
1160 0.00117784
1160 0.00112669
1170 0.00110402
1170 0.00108844
1180 0.00102773
1180 0.00101045
1190 0.000922533
1190 0.00090979
1200 0.000837557
1200 0.000819684
1250 0.000671948
1250 0.000678931
1300 0.000606866
1300 0.000588911
1350 0.000375396
1350 0.000377273
1400 0.000332537
1400 0.000334547
1450 0.000363101
1450 0.000360413
1500 0.000449645
1500 0.000474283
1550 0.000495812
1550 0.000487468
1600 0.000503545
1600 0.000482225
1650 0.000464518
1650 0.000454254
1750 0.000455963
1750 0.000435272
2000 0.000280359
2000 0.000276606
2250 0.000251571
2250 0.000245852
2500 0.000251803
2500 0.000255486
2750 0.000242318
2750 0.000251293
3000 0.000237471
3000 0.000234591
3250 0.000236
3250 0.000232155
3500 0.000232791
3500 0.000240565
