0.0043057
0.00434227
0.0037885
0.00374964
0.00266727
0.00275366
0.00228308
0.00236436
0.00213435
0.00217671
0.00270216
0.00276569
0.00320452
0.00321617
0.00319755
0.00314376
0.00265652
0.00265486
0.00236172
0.00234684
0.00244446
0.00238296
0.00219185
0.00223904
0.00211112
0.00208647
0.00209788
0.00211369
0.00192108
0.00189046
0.00138335
0.00138995
0.000876479
0.000929047
0.000790778
0.00080302
0.000773622
0.000762077
0.000796107
0.000777637
0.00104481
0.00101672
0.00148953
0.00143673
0.0017743
0.00174976
0.00188067
0.00181847
0.00185282
0.00184359
0.00160748
0.00160386
0.00124426
0.00127157
0.00107018
0.00105541
0.00121201
0.00122923
0.00132462
0.00131716
0.00128708
0.00133941
0.00127194
0.00122341
0.00112048
0.00108293
0.000898098
0.000934353
0.000827598
0.000842101
0.000919359
0.000878434
0.0011142
0.00109756
0.00130326
0.00128423
0.00137924
0.00140212
0.00147106
0.00151557
0.00141125
0.00144446
0.00140909
0.00139624
0.00131099
0.00130281
0.00129775
0.00127041
0.00121634
0.00123123
0.00117018
0.00114216
0.00106264
0.00108706
0.00100856
0.00102296
0.000922092
0.000932329
0.000899229
0.000940684
0.000961011
0.000961348
0.00101413
0.000985982
0.00100631
0.00102162
0.00103901
0.00102517
0.000981021
0.00103102
0.00109523
0.00107976
0.00113641
0.00116659
0.00122519
0.00117236
0.00118481
0.00120267
0.00121925
0.00120669
0.00121971
0.0012045
0.00119233
0.00122619
0.00117245
0.00117136
0.0011405
0.00117235
0.00116992
0.00115336
0.00117784
0.00112669
0.00110402
0.00108844
0.00102773
0.00101045
0.000922533
0.00090979
0.000837557
0.000819684
0.000671948
0.000678931
0.000606866
0.000588911
0.000375396
0.000377273
0.000332537
0.000334547
0.000363101
0.000360413
0.000449645
0.000474283
0.000495812
0.000487468
0.000503545
0.000482225
0.000464518
0.000454254
0.000455963
0.000435272
0.000280359
0.000276606
0.000251571
0.000245852
0.000251803
0.000255486
0.000242318
0.000251293
0.000237471
0.000234591
0.000236
0.000232155
0.000232791
0.000240565
