500 0.0050766
500 0.0051325
550 0.00303968
550 0.00288833
600 0.00302682
600 0.00300735
650 0.00119982
650 0.00116439
700 0.000781208
700 0.000768507
750 0.00185825
750 0.00191474
800 0.00131723
800 0.00128165
850 0.00073577
850 0.000744928
900 0.00145597
900 0.00142841
950 0.00115795
950 0.00115648
1000 0.000840305
1000 0.000837787
1050 0.000929818
1050 0.000953115
1100 0.00114777
1100 0.00117354
1150 0.00112977
1150 0.00112359
1200 0.000676934
1200 0.000704021
1250 0.00065683
1250 0.000662363
1300 0.000563822
1300 0.000536383
1350 0.000346626
1350 0.000341046
1400 0.000332529
1400 0.000325628
1500 0.000455154
1500 0.000437592
1750 0.000440896
1750 0.000429387
2000 0.000273687
2000 0.000264769
2250 0.000251765
2250 0.000264807
2500 0.0002414
2500 0.000246879
2750 0.000240486
2750 0.000232859
3000 0.000233671
3000 0.000235612
3250 0.000221982
3250 0.000231664
3500 0.000237491
3500 0.000234337
