0.0050766
0.0051325
0.00303968
0.00288833
0.00302682
0.00300735
0.00119982
0.00116439
0.000781208
0.000768507
0.00185825
0.00191474
0.00131723
0.00128165
0.00073577
0.000744928
0.00145597
0.00142841
0.00115795
0.00115648
0.000840305
0.000837787
0.000929818
0.000953115
0.00114777
0.00117354
0.00112977
0.00112359
0.000676934
0.000704021
0.00065683
0.000662363
0.000563822
0.000536383
0.000346626
0.000341046
0.000332529
0.000325628
0.000455154
0.000437592
0.000440896
0.000429387
0.000273687
0.000264769
0.000251765
0.000264807
0.0002414
0.000246879
0.000240486
0.000232859
0.000233671
0.000235612
0.000221982
0.000231664
0.000237491
0.000234337
