600 0.00401046
600 0.00398693
650 0.00157597
650 0.00154549
700 0.000924939
700 0.000960886
750 0.00247517
750 0.00243538
800 0.00186043
800 0.00182579
850 0.000945538
850 0.00099118
900 0.00173656
900 0.00181825
950 0.000960022
950 0.000954948
1000 0.000823651
1000 0.00081988
1050 0.000796166
1050 0.000820056
1100 0.00119362
1100 0.00120885
1150 0.00100757
1150 0.00100072
1200 0.00077864
1200 0.000763026
1250 0.000661831
1250 0.000683145
1300 0.000627345
1300 0.000654983
1350 0.000415332
1350 0.000459963
1400 0.000405935
1400 0.00040783
1500 0.000407269
1500 0.000394433
1750 0.000596295
1750 0.000584141
2000 0.000367009
2000 0.000358271
2250 0.000345389
2250 0.000324454
2500 0.000323777
2500 0.000337162
2750 0.000312959
2750 0.000315116
3000 0.000314846
3000 0.000316562
3250 0.000323362
3250 0.000314895
3500 0.000315021
3500 0.000329566
