0.00401046
0.00398693
0.00157597
0.00154549
0.000924939
0.000960886
0.00247517
0.00243538
0.00186043
0.00182579
0.000945538
0.00099118
0.00173656
0.00181825
0.000960022
0.000954948
0.000823651
0.00081988
0.000796166
0.000820056
0.00119362
0.00120885
0.00100757
0.00100072
0.00077864
0.000763026
0.000661831
0.000683145
0.000627345
0.000654983
0.000415332
0.000459963
0.000405935
0.00040783
0.000407269
0.000394433
0.000596295
0.000584141
0.000367009
0.000358271
0.000345389
0.000324454
0.000323777
0.000337162
0.000312959
0.000315116
0.000314846
0.000316562
0.000323362
0.000314895
0.000315021
0.000329566
