0.00531708
0.00522149
0.00241312
0.00243814
0.00212879
0.00220783
0.000945626
0.000923242
0.000649545
0.000657234
0.0016666
0.00172133
0.00121344
0.00119463
0.00057884
0.000565202
0.00121496
0.00118114
0.000902818
0.000898786
0.000586158
0.000582117
0.000628132
0.000614008
0.000908192
0.00089309
0.000897635
0.000905281
0.000488902
0.000495478
0.000548233
0.000552644
0.000487735
0.000463161
0.000293207
0.000283988
0.000273566
0.000293352
0.000418866
0.000414775
0.000386827
0.00040223
0.000246294
0.000247632
0.000236841
0.000244839
0.000241837
0.000234467
0.000247385
0.000230745
0.000232421
0.000235184
0.000245389
0.000246678
0.00534594
0.00514507
0.00024893
0.000243187
0.00223475
0.00217683
0.000243701
0.000230281
0.00023187
0.000235584
0.000222766
0.000236449
0.000250768
0.000243317
