 2000.0   0.000240
 2000.0   0.000234
 2000.0   0.000298
 2000.0   0.000239
 2000.0   0.000279
 2000.0   0.000239
 2000.0   0.000226
 2000.0   0.000325
 2000.0   0.000260
 2000.0   0.000352
 1750.0   0.000291
 1750.0   0.000256
 1750.0   0.000240
 1750.0   0.000318
 1750.0   0.000272
 1750.0   0.000256
 1750.0   0.000513
 1750.0   0.000282
 1750.0   0.000383
 1750.0   0.000255
 1500.0   0.000376
 1500.0   0.000279
 1500.0   0.000270
 1500.0   0.000310
 1500.0   0.000282
 1500.0   0.000409
 1500.0   0.000477
 1500.0   0.000260
 1500.0   0.000527
 1500.0   0.000288
 1000.0   0.000607
 1000.0   0.000410
 1000.0   0.000702
 1000.0   0.000439
 1000.0   0.000641
 1000.0   0.000611
 1000.0   0.000522
 1000.0   0.000499
 1000.0   0.000607
 1000.0   0.000967
  750.0   0.001607
  750.0   0.001196
  750.0   0.000563
  750.0   0.001051
  750.0   0.001422
  750.0   0.001226
  750.0   0.001267
  750.0   0.001119
  750.0   0.001739
  750.0   0.001278
 1250.0   0.000537
 1250.0   0.000572
 1250.0   0.000322
 1250.0   0.000387
 1250.0   0.000359
 1250.0   0.000580
 1250.0   0.000438
 1250.0   0.000343
 1250.0   0.000683
 1250.0   0.000472
