 1000.0   0.000634
 1000.0   0.000643
 1000.0   0.000618
 1000.0   0.000651
 1000.0   0.000641
 1000.0   0.000648
 1000.0   0.000629
 1000.0   0.000641
 1000.0   0.000660
 1000.0   0.000632
 1000.0   0.000628
 1000.0   0.000621
 1000.0   0.000648
 1000.0   0.000630
 1000.0   0.000644
 1000.0   0.000655
 1000.0   0.000658
 1000.0   0.000626
 1000.0   0.000630
 1000.0   0.000661
 1000.0   0.000655
 1000.0   0.000611
 1000.0   0.000652
 1000.0   0.000636
 1000.0   0.000639
 1000.0   0.000638
 1000.0   0.000623
 1000.0   0.000639
 1000.0   0.000635
 1000.0   0.000629
 1000.0   0.000649
 1000.0   0.000632
 1000.0   0.000626
 1000.0   0.000645
 1000.0   0.000653
 1000.0   0.000667
 1000.0   0.000646
 1000.0   0.000628
 1000.0   0.000658
 1000.0   0.000668
 1000.0   0.000641
 1000.0   0.000633
 1000.0   0.000637
 1000.0   0.000655
 1000.0   0.000637
 1000.0   0.000626
 1000.0   0.000633
