  750.0   0.001692
  750.0   0.001776
 1000.0   0.000593
 1000.0   0.000723
 1000.0   0.000613
 1000.0   0.000649
 1000.0   0.000677
  750.0   0.001650
  750.0   0.001927
  750.0   0.001670
  750.0   0.001559
  750.0   0.001689
 1250.0   0.000564
 1250.0   0.000542
 1250.0   0.000570
 1250.0   0.000627
 1250.0   0.000577
 1500.0   0.000426
 1500.0   0.000466
 1500.0   0.000386
 1500.0   0.000449
 1500.0   0.000411
 1750.0   0.000395
 1750.0   0.000400
 1750.0   0.000419
 1750.0   0.000404
 1750.0   0.000390
 2000.0   0.000245
 2000.0   0.000243
 2000.0   0.000252
 2000.0   0.000270
 2000.0   0.000254
