  500.0   0.005121
  880.0   0.000966
  540.0   0.001570
  810.0   0.001259
  530.0   0.001882
 1010.0   0.000689
  740.0   0.001844
 1130.0   0.000772
  550.0   0.002387
  560.0   0.003101
  570.0   0.002919
  520.0   0.002461
  500.0   0.005180
  680.0   0.000704
  700.0   0.000638
 1140.0   0.000825
 1300.0   0.000452
  850.0   0.000559
  800.0   0.001194
  510.0   0.002935
  730.0   0.001486
 1600.0   0.000410
  580.0   0.001776
 1050.0   0.000607
  620.0   0.001527
 2750.0   0.000243
  960.0   0.000950
  630.0   0.002070
 2500.0   0.000236
 1040.0   0.000698
  670.0   0.000743
  840.0   0.000676
  540.0   0.001544
  890.0   0.001116
  640.0   0.001758
 1060.0   0.000580
 2000.0   0.000251
 2250.0   0.000250
  530.0   0.001881
  770.0   0.000737
  590.0   0.001782
 1750.0   0.000402
  940.0   0.000868
  710.0   0.000747
  880.0   0.000955
  790.0   0.000928
  780.0   0.000686
  660.0   0.000722
  600.0   0.002179
 3250.0   0.000238
 1120.0   0.000754
  610.0   0.001760
  650.0   0.000920
  760.0   0.001189
 1090.0   0.000963
  990.0   0.000574
 1400.0   0.000285
  570.0   0.002981
  930.0   0.000933
  870.0   0.000721
  720.0   0.001027
  750.0   0.001642
  920.0   0.001102
  910.0   0.001165
  810.0   0.001229
 1200.0   0.000478
 1100.0   0.000901
 1350.0   0.000290
 1650.0   0.000372
  980.0   0.000685
  820.0   0.001050
  740.0   0.001835
  830.0   0.000815
  950.0   0.000877
 1550.0   0.000372
  900.0   0.001182
 1500.0   0.000407
 1110.0   0.000777
  860.0   0.000593
 1080.0   0.000918
 1010.0   0.000672
 1170.0   0.000820
 1070.0   0.000797
 1030.0   0.000841
 1180.0   0.000656
  970.0   0.000874
 1000.0   0.000574
 1450.0   0.000285
 1250.0   0.000542
 1300.0   0.000449
  850.0   0.000587
 1020.0   0.000808
 1160.0   0.000935
 3500.0   0.000228
 3000.0   0.000234
 1150.0   0.000903
 1190.0   0.000559
  560.0   0.003030
  550.0   0.002449
  700.0   0.000644
 1140.0   0.000829
 1130.0   0.000778
 1600.0   0.000405
  520.0   0.002397
  680.0   0.000717
  800.0   0.001227
 1040.0   0.000739
  510.0   0.003022
  580.0   0.001677
  960.0   0.000932
 1050.0   0.000606
  840.0   0.000655
 2000.0   0.000247
  730.0   0.001472
 1060.0   0.000595
 2750.0   0.000235
 2500.0   0.000238
  620.0   0.001609
 3250.0   0.000231
 1750.0   0.000404
  630.0   0.002081
 2250.0   0.000235
  890.0   0.001128
  590.0   0.001755
  670.0   0.000749
  640.0   0.001696
  790.0   0.000895
 1400.0   0.000284
  600.0   0.002192
 1350.0   0.000286
  610.0   0.001786
  710.0   0.000755
  770.0   0.000765
  660.0   0.000707
  780.0   0.000727
  650.0   0.000940
  870.0   0.000722
 1090.0   0.000928
  720.0   0.001009
  940.0   0.000850
  910.0   0.001164
 1200.0   0.000493
 1100.0   0.000883
  760.0   0.001188
  820.0   0.001044
  750.0   0.001682
  920.0   0.001070
  980.0   0.000704
  930.0   0.000947
  830.0   0.000835
  990.0   0.000579
 1120.0   0.000757
  900.0   0.001172
  860.0   0.000581
 1500.0   0.000404
 1180.0   0.000672
 1250.0   0.000566
 1650.0   0.000374
 3000.0   0.000236
 1020.0   0.000810
  950.0   0.000895
 1110.0   0.000797
 1170.0   0.000819
 1550.0   0.000348
 1030.0   0.000843
 1070.0   0.000761
 3500.0   0.000230
 1000.0   0.000556
 1160.0   0.000941
 1080.0   0.000878
 1450.0   0.000284
  970.0   0.000879
 1190.0   0.000585
 1150.0   0.000912
