 1050.0   0.000920
  830.0   0.000991
  590.0   0.002397
 1010.0   0.000896
  750.0   0.001855
  730.0   0.001723
  530.0   0.002534
  820.0   0.001221
  610.0   0.002559
  520.0   0.002763
  810.0   0.001380
  740.0   0.002036
  620.0   0.002374
  630.0   0.002434
  890.0   0.001356
  710.0   0.000920
  640.0   0.001869
  970.0   0.001069
 2000.0   0.000265
  660.0   0.000881
 1160.0   0.001086
  980.0   0.000926
  760.0   0.001419
  670.0   0.000851
  790.0   0.001130
  680.0   0.000776
  540.0   0.002147
 1650.0   0.000440
  940.0   0.001218
  650.0   0.001177
  600.0   0.002870
  920.0   0.001348
  570.0   0.003513
  800.0   0.001349
  770.0   0.001066
 2750.0   0.000227
  700.0   0.000756
  840.0   0.000830
  780.0   0.000980
 1090.0   0.001137
 3500.0   0.000235
  950.0   0.001193
  850.0   0.000759
 1140.0   0.001139
 3250.0   0.000231
  990.0   0.000854
  510.0   0.003603
 1050.0   0.000935
 1000.0   0.000829
  930.0   0.001280
 1190.0   0.000775
  720.0   0.001198
  960.0   0.001190
  910.0   0.001456
 1030.0   0.000966
 2500.0   0.000236
  860.0   0.000807
  880.0   0.001132
 1450.0   0.000345
 1750.0   0.000447
  560.0   0.003521
 1600.0   0.000479
  590.0   0.002452
 1500.0   0.000435
  870.0   0.000927
 1300.0   0.000549
 1150.0   0.001101
 1200.0   0.000702
  580.0   0.002636
 1020.0   0.000956
 1040.0   0.000949
 1180.0   0.000871
 1350.0   0.000353
 1060.0   0.000960
 1130.0   0.001129
 1170.0   0.001032
 1400.0   0.000322
  550.0   0.002911
 1550.0   0.000465
 1070.0   0.001062
 1080.0   0.001115
 1110.0   0.001151
 2250.0   0.000249
  500.0   0.005031
 1250.0   0.000651
  900.0   0.001437
 3000.0   0.000236
 1100.0   0.001163
 1120.0   0.001153
  830.0   0.000994
 1010.0   0.000933
  520.0   0.002769
  740.0   0.002032
  810.0   0.001378
  730.0   0.001643
  820.0   0.001265
  530.0   0.002518
  750.0   0.001874
  630.0   0.002431
  970.0   0.001055
  890.0   0.001345
 2000.0   0.000262
  640.0   0.001930
  710.0   0.000898
  610.0   0.002495
 1160.0   0.001087
 1650.0   0.000450
  760.0   0.001453
  620.0   0.002355
  980.0   0.000936
  670.0   0.000817
  650.0   0.001108
  600.0   0.002895
  680.0   0.000805
  790.0   0.001180
  660.0   0.000862
 3500.0   0.000227
  540.0   0.002252
  700.0   0.000761
  570.0   0.003596
  920.0   0.001327
  840.0   0.000838
  940.0   0.001246
  780.0   0.001003
 1090.0   0.001134
 2750.0   0.000244
  770.0   0.001058
  950.0   0.001136
  930.0   0.001260
  800.0   0.001342
  720.0   0.001212
 1140.0   0.001081
 3250.0   0.000245
 1190.0   0.000737
  990.0   0.000826
 1450.0   0.000346
 1030.0   0.000984
 2500.0   0.000243
 1750.0   0.000416
  850.0   0.000751
  960.0   0.001090
  880.0   0.001167
 1600.0   0.000458
  580.0   0.002629
 1300.0   0.000528
 1200.0   0.000668
 1350.0   0.000352
  870.0   0.000961
  860.0   0.000783
 2250.0   0.000250
 1180.0   0.000872
 1170.0   0.001002
 1400.0   0.000318
 1020.0   0.000969
  900.0   0.001419
 1250.0   0.000645
 1500.0   0.000430
 1000.0   0.000844
 1060.0   0.000965
  560.0   0.003533
  510.0   0.003501
 1130.0   0.001096
 1070.0   0.001072
 1080.0   0.001121
 1110.0   0.001142
 1150.0   0.001103
 1550.0   0.000479
 1120.0   0.001144
 3000.0   0.000231
 1100.0   0.001162
  550.0   0.002798
  500.0   0.005071
