  630.0   0.002173
  510.0   0.003268
  520.0   0.002260
  640.0   0.001768
  530.0   0.002057
  600.0   0.002278
  560.0   0.003242
  590.0   0.001877
  870.0   0.000789
  850.0   0.000623
 1450.0   0.000296
  840.0   0.000721
  570.0   0.003194
 3250.0   0.000232
  580.0   0.001876
  540.0   0.001661
 1350.0   0.000311
  700.0   0.000666
 1650.0   0.000390
  790.0   0.000987
  670.0   0.000772
  880.0   0.001000
 1400.0   0.000288
  500.0   0.005217
  720.0   0.001081
  710.0   0.000793
  660.0   0.000765
  610.0   0.001951
  800.0   0.001213
  630.0   0.002236
  680.0   0.000696
 3000.0   0.000238
 1500.0   0.000419
 1000.0   0.000623
  990.0   0.000626
  740.0   0.001881
 1080.0   0.000960
  550.0   0.002329
  550.0   0.002351
  780.0   0.000751
 2500.0   0.000243
 2750.0   0.000228
  620.0   0.001721
  970.0   0.000896
 1010.0   0.000735
  770.0   0.000833
  760.0   0.001228
  750.0   0.001746
  980.0   0.000768
  830.0   0.000870
 1040.0   0.000774
 1100.0   0.000918
 1170.0   0.000878
  810.0   0.001266
 1300.0   0.000487
  730.0   0.001608
  640.0   0.001850
 1060.0   0.000681
  860.0   0.000615
  900.0   0.001239
 1090.0   0.001015
 1070.0   0.000833
  820.0   0.001052
 3500.0   0.000238
  850.0   0.000610
 1160.0   0.000960
 1030.0   0.000861
 1140.0   0.000914
 1130.0   0.000869
 1200.0   0.000516
  600.0   0.002327
  520.0   0.002370
  530.0   0.002096
  950.0   0.000920
  510.0   0.003280
 1750.0   0.000415
  940.0   0.000960
 2000.0   0.000257
 1180.0   0.000701
 1450.0   0.000298
  590.0   0.001906
 1020.0   0.000839
  930.0   0.001001
  910.0   0.001261
  870.0   0.000817
 1120.0   0.000860
  560.0   0.003292
 1600.0   0.000401
 1190.0   0.000582
 1550.0   0.000395
 1050.0   0.000692
  890.0   0.001179
  840.0   0.000712
  920.0   0.001119
  570.0   0.003104
 1250.0   0.000568
 1110.0   0.000877
 2250.0   0.000241
  580.0   0.001915
 3250.0   0.000227
 1150.0   0.000962
  500.0   0.005152
  790.0   0.001000
 1650.0   0.000400
  800.0   0.001172
  540.0   0.001676
 1500.0   0.000423
  670.0   0.000744
 2500.0   0.000232
  700.0   0.000659
 1350.0   0.000294
 1400.0   0.000290
  610.0   0.001940
 3000.0   0.000244
  660.0   0.000749
 1000.0   0.000647
  680.0   0.000713
  980.0   0.000744
  740.0   0.001826
  720.0   0.001053
  710.0   0.000778
  960.0   0.000961
  780.0   0.000775
  650.0   0.000986
  880.0   0.001030
 2750.0   0.000229
 1080.0   0.000944
  830.0   0.000871
  750.0   0.001739
  970.0   0.000933
  620.0   0.001746
 1040.0   0.000778
  730.0   0.001507
  820.0   0.001039
  760.0   0.001233
  990.0   0.000622
  810.0   0.001265
 1100.0   0.000994
 3500.0   0.000231
 1750.0   0.000409
 1200.0   0.000509
 1030.0   0.000851
 1170.0   0.000857
  860.0   0.000613
  950.0   0.000944
  900.0   0.001271
 1300.0   0.000469
 1070.0   0.000848
  770.0   0.000819
 1090.0   0.000992
 1010.0   0.000728
 1140.0   0.000896
 1130.0   0.000867
 1060.0   0.000717
 1180.0   0.000734
  930.0   0.000992
  910.0   0.001230
 2000.0   0.000251
 1160.0   0.001001
  940.0   0.000966
 1120.0   0.000841
 1020.0   0.000835
 1600.0   0.000427
 1550.0   0.000385
 1050.0   0.000667
  890.0   0.001163
  920.0   0.001123
 2250.0   0.000247
 1190.0   0.000644
 1150.0   0.000978
 1110.0   0.000916
 1250.0   0.000585
