600 0.00410512
600 0.00417335
650 0.00163274
650 0.00162487
700 0.000998721
700 0.000991036
750 0.00251365
750 0.00248495
800 0.00196923
800 0.00191492
850 0.00104247
850 0.00102119
900 0.00185804
900 0.00185951
950 0.00101241
950 0.000977055
1000 0.000843013
1000 0.000876704
1050 0.000934634
1050 0.00092585
1100 0.00130115
1100 0.00124459
1150 0.00107231
1150 0.00105149
1200 0.000840206
1200 0.00083926
1250 0.000696878
1250 0.000714733
1300 0.000658724
1300 0.000694399
1350 0.000439702
1350 0.000441142
1400 0.000425165
1400 0.000415337
1500 0.000410265
1500 0.000422415
1750 0.000589615
1750 0.000575275
2000 0.000372187
2000 0.000352282
2250 0.000343661
2250 0.000329751
2500 0.000339198
2500 0.000319127
2750 0.000316501
2750 0.000314812
3000 0.000306315
3000 0.00031192
3250 0.000321479
3250 0.000301535
3500 0.00030213
3500 0.000330707
