0.00410512
0.00417335
0.00163274
0.00162487
0.000998721
0.000991036
0.00251365
0.00248495
0.00196923
0.00191492
0.00104247
0.00102119
0.00185804
0.00185951
0.00101241
0.000977055
0.000843013
0.000876704
0.000934634
0.00092585
0.00130115
0.00124459
0.00107231
0.00105149
0.000840206
0.00083926
0.000696878
0.000714733
0.000658724
0.000694399
0.000439702
0.000441142
0.000425165
0.000415337
0.000410265
0.000422415
0.000589615
0.000575275
0.000372187
0.000352282
0.000343661
0.000329751
0.000339198
0.000319127
0.000316501
0.000314812
0.000306315
0.00031192
0.000321479
0.000301535
0.00030213
0.000330707
