500 0.00521726
500 0.00515181
510 0.00326845
510 0.00328022
520 0.00226049
520 0.0023703
530 0.00205691
530 0.00209591
540 0.00166086
540 0.00167606
550 0.00232938
550 0.00235146
560 0.00324238
560 0.00329185
570 0.00319391
570 0.00310365
580 0.00187623
580 0.00191536
590 0.00187733
590 0.00190569
600 0.00227773
600 0.00232651
610 0.00195078
610 0.00193972
620 0.00172117
620 0.00174643
630 0.0021735
630 0.00223591
640 0.00176778
640 0.00185008
650 0.00102199
650 0.000986186
660 0.000764985
660 0.000749383
670 0.000772074
670 0.000744412
680 0.000696225
680 0.000713366
700 0.000665649
700 0.000659042
710 0.000793219
710 0.000778213
720 0.00108122
720 0.00105277
730 0.00160806
730 0.00150708
740 0.00188149
740 0.00182644
750 0.00174608
750 0.00173863
760 0.00122803
760 0.00123282
770 0.000832552
770 0.000818884
780 0.000750841
780 0.000775205
790 0.00098715
790 0.000999597
800 0.00121293
800 0.00117164
810 0.00126586
810 0.00126539
820 0.00105164
820 0.00103868
830 0.000869943
830 0.000870953
840 0.000720801
840 0.000712418
850 0.000622813
850 0.000609682
860 0.000614604
860 0.000612927
870 0.000789343
870 0.000816575
880 0.000999847
880 0.00103031
890 0.00117902
890 0.00116282
900 0.00123914
900 0.00127124
910 0.00126065
910 0.00122957
920 0.00111916
920 0.00112301
930 0.00100124
930 0.00099171
940 0.00095981
940 0.000966435
950 0.000920099
950 0.000944478
960 0.000999544
960 0.000960944
970 0.000896213
970 0.000933476
980 0.000767775
980 0.000743868
990 0.000626365
990 0.000622177
1000 0.000622857
1000 0.000647384
1010 0.00073545
1010 0.000728196
1020 0.000838921
1020 0.000834775
1030 0.000860702
1030 0.000850507
1040 0.000773627
1040 0.0007779
1050 0.000692039
1050 0.000667139
1060 0.000681478
1060 0.000717169
1070 0.000833031
1070 0.000847634
1080 0.000960174
1080 0.000943857
1090 0.00101474
1090 0.000991955
1100 0.000918057
1100 0.000994061
1110 0.000877287
1110 0.000916447
1120 0.00086005
1120 0.000841295
1130 0.000868673
1130 0.000867287
1140 0.000914369
1140 0.000896182
1150 0.000961776
1150 0.000977536
1160 0.000960017
1160 0.0010006
1170 0.000878379
1170 0.000857301
1180 0.000701442
1180 0.000734315
1190 0.000581982
1190 0.00064395
1200 0.000515951
1200 0.000508683
1250 0.000567966
1250 0.000585079
1300 0.000486751
1300 0.000469349
1350 0.000311168
1350 0.000294221
1400 0.000288097
1400 0.000290019
1450 0.000296151
1450 0.000298019
1500 0.000419217
1500 0.000423068
1550 0.000395438
1550 0.000384563
1600 0.000400509
1600 0.000427135
1650 0.000389664
1650 0.000400472
1750 0.000415306
1750 0.000409408
2000 0.000257442
2000 0.00025124
2250 0.000240979
2250 0.000247123
2500 0.000242569
2500 0.000231875
2750 0.000227678
2750 0.00022943
3000 0.000238434
3000 0.000244207
3250 0.00023151
3250 0.000226972
3500 0.000238265
3500 0.000231453
