0.00521726
0.00515181
0.00326845
0.00328022
0.00226049
0.0023703
0.00205691
0.00209591
0.00166086
0.00167606
0.00232938
0.00235146
0.00324238
0.00329185
0.00319391
0.00310365
0.00187623
0.00191536
0.00187733
0.00190569
0.00227773
0.00232651
0.00195078
0.00193972
0.00172117
0.00174643
0.0021735
0.00223591
0.00176778
0.00185008
0.00102199
0.000986186
0.000764985
0.000749383
0.000772074
0.000744412
0.000696225
0.000713366
0.000665649
0.000659042
0.000793219
0.000778213
0.00108122
0.00105277
0.00160806
0.00150708
0.00188149
0.00182644
0.00174608
0.00173863
0.00122803
0.00123282
0.000832552
0.000818884
0.000750841
0.000775205
0.00098715
0.000999597
0.00121293
0.00117164
0.00126586
0.00126539
0.00105164
0.00103868
0.000869943
0.000870953
0.000720801
0.000712418
0.000622813
0.000609682
0.000614604
0.000612927
0.000789343
0.000816575
0.000999847
0.00103031
0.00117902
0.00116282
0.00123914
0.00127124
0.00126065
0.00122957
0.00111916
0.00112301
0.00100124
0.00099171
0.00095981
0.000966435
0.000920099
0.000944478
0.000999544
0.000960944
0.000896213
0.000933476
0.000767775
0.000743868
0.000626365
0.000622177
0.000622857
0.000647384
0.00073545
0.000728196
0.000838921
0.000834775
0.000860702
0.000850507
0.000773627
0.0007779
0.000692039
0.000667139
0.000681478
0.000717169
0.000833031
0.000847634
0.000960174
0.000943857
0.00101474
0.000991955
0.000918057
0.000994061
0.000877287
0.000916447
0.00086005
0.000841295
0.000868673
0.000867287
0.000914369
0.000896182
0.000961776
0.000977536
0.000960017
0.0010006
0.000878379
0.000857301
0.000701442
0.000734315
0.000581982
0.00064395
0.000515951
0.000508683
0.000567966
0.000585079
0.000486751
0.000469349
0.000311168
0.000294221
0.000288097
0.000290019
0.000296151
0.000298019
0.000419217
0.000423068
0.000395438
0.000384563
0.000400509
0.000427135
0.000389664
0.000400472
0.000415306
0.000409408
0.000257442
0.00025124
0.000240979
0.000247123
0.000242569
0.000231875
0.000227678
0.00022943
0.000238434
0.000244207
0.00023151
0.000226972
0.000238265
0.000231453
