500
500
500
500
500
500
500
500
500
500
500
500
500
500
500
500
500
500
500
500
550
550
550
550
550
550
550
550
550
550
550
550
550
550
550
550
550
550
550
550
650
650
650
650
650
650
650
650
650
650
650
650
650
650
650
650
650
650
650
650
700
700
700
700
700
700
700
700
700
700
700
700
700
700
700
700
700
700
700
700
750
750
750
750
750
750
750
750
750
750
750
750
750
750
750
750
750
750
750
750
800
800
800
800
800
800
800
800
800
800
800
800
800
800
800
800
800
800
800
800
850
850
850
850
850
850
850
850
850
850
850
850
850
850
850
850
850
850
850
850
900
900
900
900
900
900
900
900
900
900
900
900
900
900
900
900
900
900
900
900
950
950
950
950
950
950
950
950
950
950
950
950
950
950
950
950
950
950
950
950
1000
1000
1000
1000
1000
1000
1000
1000
1000
1000
1000
1000
1000
1000
1000
1000
1000
1000
1000
1000
1050
1050
1050
1050
1050
1050
1050
1050
1050
1050
1050
1050
1050
1050
1050
1050
1050
1050
1050
1050
1100
1100
1100
1100
1100
1100
1100
1100
1100
1100
1100
1100
1100
1100
1100
1100
1100
1100
1100
1100
1150
1150
1150
1150
1150
1150
1150
1150
1150
1150
1150
1150
1150
1150
1150
1150
1150
1150
1150
1150
1200
1200
1200
1200
1200
1200
1200
1200
1200
1200
1200
1200
1200
1200
1200
1200
1200
1200
1200
1200
1250
1250
1250
1250
1250
1250
1250
1250
1250
1250
1250
1250
1250
1250
1250
1250
1250
1250
1250
1250
1300
1300
1300
1300
1300
1300
1300
1300
1300
1300
1300
1300
1300
1300
1300
1300
1300
1300
1300
1300
1350
1350
1350
1350
1350
1350
1350
1350
1350
1350
1350
1350
1350
1350
1350
1350
1350
1350
1350
1350
1400
1400
1400
1400
1400
1400
1400
1400
1400
1400
1400
1400
1400
1400
1400
1400
1400
1400
1400
1400
1500
1500
1500
1500
1500
1500
1500
1500
1500
1500
1500
1500
1500
1500
1500
1500
1500
1500
1500
1500
1750
1750
1750
1750
1750
1750
1750
1750
1750
1750
1750
1750
1750
1750
1750
1750
1750
1750
1750
2000
2000
2000
2000
2000
2000
2000
2000
2000
2000
2000
2000
2000
2000
2000
2000
2000
2000
2000
2250
2250
2250
2250
2250
2250
2250
2250
2250
2250
2250
2250
2250
2250
2250
2250
2250
2250
2250
2500
2500
2500
2500
2500
2500
2500
2500
2500
2500
2500
2500
2500
2500
2500
2500
2500
2500
2500
2500
2750
2750
2750
2750
2750
2750
2750
2750
2750
2750
2750
2750
2750
2750
2750
2750
2750
2750
2750
2750
3000
3000
3000
3000
3000
3000
3000
3000
3000
3000
3000
3000
3000
3000
3000
3000
3000
3000
3000
3000
3250
3250
3250
3250
3250
3250
3250
3250
3250
3250
3250
3250
3250
3250
3250
3250
3250
3250
3250
3250
3500
3500
3500
3500
3500
3500
3500
3500
3500
3500
3500
3500
3500
3500
3500
3500
3500
3500
3500
