 1000.0   0.001010
 2000.0   0.000377
 1750.0   0.000567
 1300.0   0.000743
 3500.0   0.000310
 1350.0   0.000505
  950.0   0.001152
  900.0   0.002072
  600.0   0.004901
  650.0   0.001828
  800.0   0.002029
 3000.0   0.000323
  700.0   0.001091
 3250.0   0.000312
 2500.0   0.000327
 1500.0   0.000407
  850.0   0.001245
 1150.0   0.001257
  750.0   0.002692
 1400.0   0.000452
 1100.0   0.001490
 1200.0   0.000967
 1250.0   0.000781
 2750.0   0.000320
 2250.0   0.000329
 1750.0   0.000591
 1000.0   0.001034
 2000.0   0.000361
 1350.0   0.000504
 1300.0   0.000738
 3500.0   0.000308
  950.0   0.001129
  800.0   0.002067
 1050.0   0.001207
  900.0   0.002024
  600.0   0.004684
 1500.0   0.000417
  650.0   0.001842
 3250.0   0.000322
  700.0   0.001132
 3000.0   0.000315
 2500.0   0.000332
  750.0   0.002664
  850.0   0.001256
 1100.0   0.001502
 1400.0   0.000439
 1150.0   0.001246
 2750.0   0.000320
 1200.0   0.000968
 1250.0   0.000776
 2250.0   0.000353
 1050.0   0.001241
