  600.0   0.004105
  650.0   0.001633
  800.0   0.001969
  750.0   0.002514
  850.0   0.001042
  950.0   0.001012
  700.0   0.000999
  900.0   0.001858
  600.0   0.004173
 1200.0   0.000840
 1150.0   0.001072
 1050.0   0.000935
  650.0   0.001625
 1300.0   0.000659
 1000.0   0.000843
 1350.0   0.000440
  800.0   0.001915
 1100.0   0.001301
 2250.0   0.000344
 1750.0   0.000590
  750.0   0.002485
 2500.0   0.000339
 1250.0   0.000697
 3500.0   0.000302
 3000.0   0.000306
  850.0   0.001021
  950.0   0.000977
 1500.0   0.000410
 1400.0   0.000425
  900.0   0.001860
 1200.0   0.000839
 3250.0   0.000321
 2750.0   0.000317
 1150.0   0.001051
 2000.0   0.000372
  700.0   0.000991
 1300.0   0.000694
 1050.0   0.000926
 1350.0   0.000441
 2250.0   0.000330
 2500.0   0.000319
 1750.0   0.000575
 3500.0   0.000331
 3000.0   0.000312
 1000.0   0.000877
 1100.0   0.001245
 1500.0   0.000422
 1250.0   0.000715
 3250.0   0.000302
 1400.0   0.000415
 2750.0   0.000315
 2000.0   0.000352
