  650.0   0.001576
  600.0   0.004010
  650.0   0.001545
  600.0   0.003987
  700.0   0.000925
  750.0   0.002475
  700.0   0.000961
  750.0   0.002435
  850.0   0.000946
  800.0   0.001860
  850.0   0.000991
  800.0   0.001826
  900.0   0.001737
  950.0   0.000960
  900.0   0.001818
  950.0   0.000955
 1000.0   0.000824
 1050.0   0.000796
 1000.0   0.000820
 1100.0   0.001194
 1100.0   0.001209
 1200.0   0.000779
 1050.0   0.000820
 1150.0   0.001008
 1200.0   0.000763
 1150.0   0.001001
 1350.0   0.000415
 1300.0   0.000627
 1250.0   0.000662
 1400.0   0.000406
 1500.0   0.000407
 1350.0   0.000460
 1300.0   0.000655
 1750.0   0.000596
 1400.0   0.000408
 1250.0   0.000683
 1500.0   0.000394
 2000.0   0.000367
 2250.0   0.000345
 2500.0   0.000324
 2750.0   0.000313
 1750.0   0.000584
 2000.0   0.000358
 3000.0   0.000315
 2750.0   0.000315
 2250.0   0.000324
 2500.0   0.000337
 3250.0   0.000323
 3500.0   0.000315
 3000.0   0.000317
 3250.0   0.000315
 3500.0   0.000330
